# binIdx ctxIdx symbol range offset
0 3 1 384 381
1 6 0 496 482
2 7 0 440 386
3 9 1 468 252
4 10 0 283 252
5 64 0 360 236
6 60 0 304 236
7 88 1 285 236
8 105 1 474 473
9 166 1 264 263
10 228 1 264 260
11 232 1 444 428
12 232 1 338 306
13 232 1 316 252
14 232 1 256 129
15 232 1 256 2
16 232 1 256 4
17 232 1 256 9
18 232 1 256 18
19 232 1 266 37
20 232 1 300 75
21 232 1 378 151
22 232 1 500 302
23 232 1 334 302
24 -1 1 334 271
25 -1 1 334 208
26 -1 1 334 83
27 -1 0 334 166
28 -1 0 334 333
29 -1 1 334 333
30 -1 1 334 332
31 -1 1 334 330
32 4 1 488 483
33 6 0 260 251
34 7 0 308 272
35 9 1 360 218
36 10 0 464 437
37 64 0 332 278
38 60 0 279 278
39 88 0 288 284
40 4 1 444 439
41 6 0 308 296
42 7 0 360 313
43 9 1 488 301
44 10 0 322 301
45 64 0 270 228
46 60 0 458 457
47 87 0 448 442
48 4 1 338 331
49 6 0 320 303
50 7 0 488 422
51 9 1 370 239
52 10 0 508 479
53 64 0 390 333
54 60 0 334 333
55 87 0 296 291
56 4 1 256 250
57 6 0 256 240
58 7 0 444 382
59 9 1 338 214
60 10 0 456 428
61 64 0 432 377
62 60 0 378 377
63 87 0 424 416
64 4 1 394 383
65 6 0 260 242
66 7 0 464 393
67 9 1 432 291
68 10 0 309 291
69 64 0 256 220
70 60 0 442 440
71 87 0 324 316
72 4 1 352 340
73 6 0 488 451
74 7 0 432 359
75 9 1 394 248
76 10 0 277 248
77 64 0 256 198
78 60 0 446 397
79 87 0 380 185
80 4 1 404 370
81 6 0 320 256
82 7 0 334 206
83 9 1 352 96
84 10 0 258 96
85 64 0 260 192
86 60 0 456 384
87 87 0 256 113
88 4 1 281 227
89 6 0 464 258
90 7 0 480 68
91 9 1 480 136
92 10 0 358 136
93 64 0 382 272
94 60 0 345 272
95 87 0 440 149
96 4 1 502 299
97 6 0 432 31
98 7 0 448 62
99 9 1 442 125
100 10 0 342 125
101 64 0 368 251
102 60 0 333 251
103 87 0 488 160
104 4 1 281 160
105 6 0 256 19
106 7 0 256 38
107 9 1 256 76
108 10 0 380 153
109 64 0 460 307
110 60 0 415 307
111 87 0 320 105
112 4 1 404 210
113 6 0 416 32
114 7 0 458 64
115 9 1 506 128
116 10 0 402 128
117 64 0 466 257
118 60 0 423 257
119 87 0 338 7
120 4 1 402 14
121 6 0 384 28
122 7 0 412 57
123 9 1 486 115
124 10 0 387 115
125 64 0 454 231
126 60 0 413 231
127 87 0 374 10
128 4 1 488 20
129 6 0 259 20
130 7 0 286 40
131 9 1 350 80
132 10 0 281 80
133 64 0 352 161
134 60 0 324 161
135 87 0 334 9
136 4 1 420 19
137 6 0 462 38
138 7 0 277 38
139 9 1 344 77
140 10 0 279 77
141 64 0 358 155
142 60 0 331 155
143 87 0 352 0
144 4 1 468 0
145 6 0 261 0
146 7 0 312 0
147 9 1 424 0
148 10 0 351 0
149 64 0 470 0
150 60 0 435 0
151 87 0 454 0
152 4 1 302 0
153 6 0 368 0
154 7 0 492 0
155 9 1 334 0
156 10 0 275 0
157 64 0 370 0
158 60 0 346 0
159 87 0 358 0
160 4 1 504 0
161 6 0 317 0
162 7 0 444 0
163 9 1 314 0
164 10 0 268 0
165 64 0 366 0
166 60 0 343 0
167 87 0 370 0
168 4 1 269 0
169 6 0 324 1
170 7 0 428 2
171 9 1 305 2
172 10 0 262 2
173 64 0 362 4
174 60 0 340 4
175 87 0 380 9
176 4 1 284 9
177 6 0 364 19
178 7 0 260 19
179 9 1 358 39
180 10 0 308 39
181 64 0 462 79
182 60 0 434 79
183 87 0 265 79
184 4 1 380 159
185 6 0 262 159
186 7 0 362 319
187 9 0 376 207
188 10 0 328 207
189 64 0 478 415
190 60 0 451 415
191 88 0 424 138
192 5 1 317 138
193 6 0 450 276
194 7 0 322 276
195 9 0 440 259
196 10 0 386 259
197 64 0 286 259
198 60 0 271 259
199 85 0 288 101
200 5 1 434 202
201 6 0 309 202
202 7 0 472 404
203 9 0 332 197
204 10 0 289 197
205 64 0 446 395
206 60 0 425 395
207 85 0 368 130
208 5 1 286 130
209 6 0 406 260
210 7 0 306 260
211 9 0 444 262
212 10 0 396 262
213 64 0 306 262
214 60 0 292 262
215 85 0 368 134
216 5 1 290 134
217 6 0 422 268
218 7 0 327 268
219 9 0 284 167
220 10 0 504 335
221 64 0 405 335
222 60 0 386 335
223 85 0 324 122
224 5 1 500 245
225 6 0 376 245
226 7 0 300 245
227 9 0 256 147
228 10 0 452 294
229 64 0 358 294
230 60 0 343 294
231 85 0 320 127
232 5 1 262 127
233 6 0 382 255
234 7 0 310 255
235 9 0 256 146
236 10 0 454 293
237 64 0 365 293
238 60 0 351 293
239 85 0 376 146
240 5 1 309 146
241 6 0 482 293
242 7 0 388 293
243 9 0 416 226
244 10 0 377 226
245 64 0 315 226
246 60 0 304 226
247 85 0 360 51
248 5 1 296 51
249 6 0 464 102
250 7 0 375 102
251 9 0 398 204
252 10 0 361 204
253 64 0 302 204
254 60 0 291 204
255 85 0 400 55
256 5 1 329 55
257 6 0 510 110
258 7 0 425 110
259 9 0 456 221
260 10 0 415 221
261 64 0 349 221
262 60 0 337 221
263 85 0 270 39
264 5 1 444 78
265 6 0 361 78
266 7 0 302 78
267 9 0 348 157
268 10 0 320 157
269 64 0 267 157
270 60 0 257 157
271 85 0 464 67
272 5 1 390 67
273 6 0 311 67
274 7 0 265 67
275 9 0 284 135
276 10 0 262 135
277 64 0 442 271
278 60 0 429 271
279 85 0 374 58
280 5 1 322 58
281 6 0 258 58
282 7 0 430 117
283 9 0 261 117
284 10 0 480 234
285 64 0 415 234
286 60 0 403 234
287 85 0 394 57
288 5 1 336 57
289 6 0 275 57
290 7 0 468 115
291 9 0 283 115
292 10 0 263 115
293 64 0 452 230
294 60 0 438 230
295 85 0 416 0
296 5 1 360 0
297 6 0 302 0
298 7 0 263 0
299 9 0 316 0
300 10 0 297 0
301 64 0 262 0
302 60 0 508 0
303 85 0 268 0
304 5 1 462 0
305 6 0 388 0
306 7 0 334 0
307 9 0 424 0
308 10 0 398 0
309 64 0 350 0
310 60 0 341 0
311 85 0 348 0
312 5 1 305 0
313 6 0 262 0
314 7 0 454 0
315 9 0 296 0
316 10 0 279 0
317 64 0 494 1
318 60 0 482 1
319 85 0 266 1
320 5 1 464 2
321 6 0 397 2
322 7 0 349 2
323 9 0 478 4
324 10 0 451 4
325 64 0 401 4
326 60 0 391 4
327 85 0 426 9
328 5 1 381 9
329 6 0 334 9
330 7 0 295 9
331 9 0 420 18
332 10 0 398 18
333 64 0 357 18
334 60 0 349 18
335 85 0 414 37
336 5 1 371 37
337 6 0 326 37
338 7 0 289 37
339 9 0 416 75
340 10 0 395 75
341 64 0 356 75
342 60 0 349 75
343 85 0 428 150
344 4 1 326 150
345 6 0 283 150
346 7 0 508 301
347 9 0 380 301
348 10 0 363 301
349 64 0 332 301
350 60 0 325 301
351 86 0 384 0
352 5 1 349 0
353 6 0 308 0
354 7 0 281 0
355 9 0 416 0
356 10 0 397 0
357 64 0 362 0
358 60 0 355 0
359 85 0 454 0
360 5 1 409 0
361 6 0 364 0
362 7 0 333 0
363 9 0 496 0
364 10 0 475 0
365 64 0 436 0
366 60 0 428 0
367 85 0 284 0
368 5 1 258 0
369 6 0 454 0
370 7 0 413 0
371 9 0 318 0
372 10 0 306 0
373 64 0 284 0
374 60 0 278 0
375 85 0 366 0
376 5 1 336 0
377 6 0 301 0
378 7 0 278 0
379 9 0 432 0
380 10 0 416 0
381 64 0 386 0
382 60 0 378 0
383 85 0 268 0
384 5 1 488 0
385 6 0 443 0
386 7 0 411 0
387 9 0 325 0
388 10 0 312 0
389 64 0 292 0
390 60 0 286 0
391 85 0 402 0
392 5 1 370 0
393 6 0 338 0
394 7 0 312 0
395 9 0 256 0
396 10 0 492 0
397 64 0 461 0
398 60 0 452 0
399 85 0 317 0
400 5 1 295 0
401 6 0 270 0
402 7 0 500 0
403 9 0 411 0
404 10 0 397 0
405 64 0 371 0
406 60 0 364 0
407 85 0 270 0
408 5 1 498 0
409 6 0 459 0
410 7 0 428 0
411 9 0 355 0
412 10 0 344 0
413 64 0 323 0
414 60 0 316 0
415 85 0 486 0
416 5 1 454 0
417 6 0 417 0
418 7 0 391 0
419 9 0 322 0
420 10 0 311 0
421 64 0 295 0
422 60 0 289 0
423 85 0 440 0
424 5 1 413 0
425 6 0 382 0
426 7 0 361 0
427 9 0 305 0
428 10 0 297 0
429 64 0 282 0
430 60 0 276 0
431 85 0 420 1
432 5 1 395 1
433 6 0 366 1
434 7 0 346 1
435 9 0 293 1
436 10 0 285 1
437 64 0 271 1
438 60 0 265 1
439 85 0 406 2
440 5 1 382 2
441 6 0 358 2
442 7 0 339 2
443 9 0 289 2
444 10 0 282 2
445 64 0 268 2
446 60 0 262 2
447 85 0 406 4
448 5 1 383 4
449 6 0 360 4
450 7 0 342 4
451 9 0 294 4
452 10 0 287 4
453 64 0 274 4
454 60 0 268 4
455 85 0 424 8
456 5 1 402 8
457 6 0 377 8
458 7 0 360 8
459 9 0 315 8
460 10 0 308 8
461 64 0 296 8
462 60 0 290 8
463 85 0 474 17
464 5 1 450 17
465 6 0 423 17
466 7 0 404 17
467 9 0 353 17
468 10 0 345 17
469 64 0 331 17
470 60 0 324 17
471 85 0 262 17
472 5 1 496 35
473 6 0 470 35
474 7 0 449 35
475 9 0 393 35
476 10 0 384 35
477 64 0 368 35
478 60 0 361 35
479 85 0 302 35
480 5 1 288 35
481 6 0 272 35
482 7 0 260 35
483 9 0 456 70
484 10 0 447 70
485 64 0 432 70
486 60 0 424 70
487 85 0 358 70
488 5 1 342 70
489 6 0 324 70
490 7 0 310 70
491 9 0 280 70
492 10 0 274 70
493 64 0 264 70
494 60 0 258 70
495 85 0 430 141
496 5 1 413 141
497 6 0 393 141
498 7 0 378 141
499 9 0 343 141
500 10 0 336 141
501 64 0 324 141
502 60 0 317 141
503 85 0 276 141
504 4 1 416 283
505 6 0 397 283
506 7 0 382 283
507 9 0 349 283
508 10 0 342 283
509 64 0 331 283
510 60 0 324 283
511 86 0 328 0
512 5 1 314 0
513 6 0 301 0
514 7 0 291 0
515 9 0 265 0
516 10 0 259 0
517 64 0 500 1
518 60 0 491 1
519 85 0 426 1
520 5 1 410 1
521 6 0 393 1
522 7 0 380 1
523 9 0 350 1
524 10 0 343 1
525 64 0 333 1
526 60 0 326 1
527 85 0 281 1
528 5 1 270 1
529 6 0 258 1
530 7 0 498 2
531 9 0 459 2
532 10 0 450 2
533 64 0 437 2
534 60 0 429 2
535 85 0 378 2
536 5 1 365 2
537 6 0 351 2
538 7 0 341 2
539 9 0 314 2
540 10 0 308 2
541 64 0 301 2
542 60 0 295 2
543 85 0 262 2
544 5 1 504 4
545 6 0 487 4
546 7 0 474 4
547 9 0 439 4
548 10 0 431 4
549 64 0 421 4
550 60 0 413 4
551 85 0 367 4
552 5 1 356 4
553 6 0 343 4
554 7 0 334 4
555 9 0 310 4
556 10 0 304 4
557 64 0 297 4
558 60 0 291 4
559 85 0 261 4
560 5 1 504 9
561 6 0 488 9
562 7 0 476 9
563 9 0 445 9
564 10 0 437 9
565 64 0 428 9
566 60 0 420 9
567 85 0 379 9
568 5 1 368 9
569 6 0 357 9
570 7 0 349 9
571 9 0 327 9
572 10 0 320 9
573 64 0 313 9
574 60 0 307 9
575 85 0 280 9
576 5 1 271 9
577 6 0 262 9
578 7 0 256 9
579 9 0 478 18
580 10 0 469 18
581 64 0 460 18
582 60 0 451 18
583 85 0 408 18
584 5 1 397 18
585 6 0 385 18
586 7 0 376 18
587 9 0 356 18
588 10 0 349 18
589 64 0 342 18
590 60 0 335 18
591 85 0 305 18
592 5 1 297 18
593 6 0 288 18
594 7 0 282 18
595 9 0 267 18
596 10 0 261 18
597 64 0 510 36
598 60 0 501 36
599 85 0 462 36
600 5 1 451 36
601 6 0 438 36
602 7 0 430 36
603 9 0 409 36
604 10 0 401 36
605 64 0 393 36
606 60 0 385 36
607 85 0 353 36
608 5 1 344 36
609 6 0 335 36
610 7 0 328 36
611 9 0 311 36
612 10 0 305 36
613 64 0 299 36
614 60 0 293 36
615 85 0 272 36
616 5 1 264 36
617 6 0 256 36
618 7 0 500 72
619 9 0 478 72
620 10 0 469 72
621 64 0 460 72
622 60 0 451 72
623 85 0 418 72
624 5 1 408 72
625 6 0 398 72
626 7 0 390 72
627 9 0 372 72
628 10 0 365 72
629 64 0 358 72
630 60 0 351 72
631 85 0 328 72
632 5 1 319 72
633 6 0 311 72
634 7 0 305 72
635 9 0 293 72
636 10 0 287 72
637 64 0 281 72
638 60 0 275 72
639 85 0 257 72
640 5 1 501 145
641 6 0 490 145
642 7 0 481 145
643 9 0 462 145
644 10 0 453 145
645 64 0 444 145
646 60 0 436 145
647 85 0 411 145
648 5 1 401 145
649 6 0 391 145
650 7 0 383 145
651 9 0 370 145
652 10 0 363 145
653 64 0 356 145
654 60 0 349 145
655 85 0 329 145
656 5 1 320 145
657 6 0 312 145
658 7 0 306 145
659 9 0 296 145
660 10 0 290 145
661 64 0 284 145
662 60 0 278 145
663 85 0 263 145
664 4 1 398 291
665 6 0 388 291
666 7 0 380 291
667 9 0 368 291
668 10 0 361 291
669 64 0 354 291
670 60 0 347 291
671 86 0 448 7
672 5 1 438 7
673 6 0 428 7
674 7 0 420 7
675 9 0 407 7
676 10 0 399 7
677 64 0 391 7
678 60 0 383 7
679 85 0 365 7
680 5 1 356 7
681 6 0 347 7
682 7 0 340 7
683 9 0 329 7
684 10 0 322 7
685 64 0 315 7
686 60 0 309 7
687 85 0 295 7
688 5 1 287 7
689 6 0 279 7
690 7 0 273 7
691 9 0 265 7
692 10 0 259 7
693 64 0 506 14
694 60 0 497 14
695 85 0 475 14
696 5 1 464 14
697 6 0 453 14
698 7 0 444 14
699 9 0 433 14
700 10 0 425 14
701 64 0 417 14
702 60 0 409 14
703 85 0 391 14
704 5 1 381 14
705 6 0 372 14
706 7 0 365 14
707 9 0 356 14
708 10 0 349 14
709 64 0 342 14
710 60 0 335 14
711 85 0 321 14
712 5 1 313 14
713 6 0 305 14
714 7 0 299 14
715 9 0 292 14
716 10 0 286 14
717 64 0 280 14
718 60 0 274 14
719 85 0 263 14
720 5 1 510 28
721 6 0 499 28
722 7 0 490 28
723 9 0 479 28
724 10 0 470 28
725 64 0 461 28
726 60 0 452 28
727 85 0 434 28
728 5 1 424 28
729 6 0 414 28
730 7 0 406 28
731 9 0 397 28
732 10 0 389 28
733 64 0 381 28
734 60 0 374 28
735 85 0 362 28
736 5 1 353 28
737 6 0 344 28
738 7 0 337 28
739 9 0 330 28
740 10 0 323 28
741 64 0 316 28
742 60 0 310 28
743 85 0 300 28
744 5 1 292 28
745 6 0 284 28
746 7 0 278 28
747 9 0 272 28
748 10 0 266 28
749 64 0 260 28
750 60 0 508 56
751 85 0 493 56
752 5 1 482 56
753 6 0 471 56
754 7 0 462 56
755 9 0 453 56
756 10 0 444 56
757 64 0 436 56
758 60 0 428 56
759 85 0 416 56
760 5 1 406 56
761 6 0 396 56
762 7 0 388 56
763 9 0 380 56
764 10 0 373 56
765 64 0 366 56
766 60 0 359 56
767 85 0 349 56
768 5 1 340 56
769 6 0 331 56
770 7 0 324 56
771 9 0 317 56
772 10 0 311 56
773 64 0 305 56
774 60 0 299 56
775 85 0 291 56
776 5 1 283 56
777 6 0 275 56
778 7 0 269 56
779 9 0 263 56
780 10 0 257 56
781 64 0 502 113
782 60 0 493 113
783 85 0 481 113
784 5 1 470 113
785 6 0 459 113
786 7 0 450 113
787 9 0 441 113
788 10 0 433 113
789 64 0 425 113
790 60 0 417 113
791 85 0 407 113
792 5 1 397 113
793 6 0 387 113
794 7 0 379 113
795 9 0 372 113
796 10 0 365 113
797 64 0 358 113
798 60 0 351 113
799 85 0 343 113
800 5 1 334 113
801 6 0 325 113
802 7 0 318 113
803 9 0 312 113
804 10 0 306 113
805 64 0 300 113
806 60 0 294 113
807 85 0 288 113
808 5 1 280 113
809 6 0 272 113
810 7 0 266 113
811 9 0 260 113
812 10 0 508 227
813 64 0 499 227
814 60 0 490 227
815 85 0 480 227
816 5 1 469 227
817 6 0 458 227
818 7 0 449 227
819 9 0 440 227
820 10 0 432 227
821 64 0 424 227
822 60 0 416 227
823 85 0 408 227
824 4 1 320 227
825 6 0 312 227
826 7 0 306 227
827 9 0 300 227
828 10 0 294 227
829 64 0 288 227
830 60 0 282 227
831 86 0 448 9
832 5 1 438 9
833 6 0 428 9
834 7 0 420 9
835 9 0 412 9
836 10 0 404 9
837 64 0 396 9
838 60 0 388 9
839 85 0 380 9
840 5 1 371 9
841 6 0 362 9
842 7 0 355 9
843 9 0 348 9
844 10 0 341 9
845 64 0 334 9
846 60 0 327 9
847 85 0 320 9
848 5 1 312 9
849 6 0 304 9
850 7 0 298 9
851 9 0 292 9
852 10 0 286 9
853 64 0 280 9
854 60 0 274 9
855 85 0 268 9
856 5 1 260 9
857 6 0 504 18
858 7 0 495 18
859 9 0 486 18
860 10 0 477 18
861 64 0 468 18
862 60 0 459 18
863 85 0 450 18
864 5 1 439 18
865 6 0 429 18
866 7 0 421 18
867 9 0 413 18
868 10 0 405 18
869 64 0 397 18
870 60 0 389 18
871 85 0 381 18
872 5 1 372 18
873 6 0 363 18
874 7 0 356 18
875 9 0 349 18
876 10 0 342 18
877 64 0 335 18
878 60 0 328 18
879 85 0 321 18
880 5 1 313 18
881 6 0 305 18
882 7 0 299 18
883 9 0 293 18
884 10 0 287 18
885 64 0 281 18
886 60 0 275 18
887 85 0 269 18
888 5 1 261 18
889 6 0 506 37
890 7 0 497 37
891 9 0 488 37
892 10 0 479 37
893 64 0 470 37
894 60 0 461 37
895 85 0 452 37
896 5 1 441 37
897 6 0 431 37
898 7 0 423 37
899 9 0 415 37
900 10 0 407 37
901 64 0 399 37
902 60 0 391 37
903 85 0 383 37
904 5 1 374 37
905 6 0 365 37
906 7 0 358 37
907 9 0 351 37
908 10 0 344 37
909 64 0 337 37
910 60 0 330 37
911 85 0 323 37
912 5 1 314 37
913 6 0 306 37
914 7 0 300 37
915 9 0 294 37
916 10 0 288 37
917 64 0 282 37
918 60 0 276 37
919 85 0 270 37
920 5 1 262 37
921 6 0 508 74
922 7 0 499 74
923 9 0 490 74
924 10 0 481 74
925 64 0 472 74
926 60 0 463 74
927 85 0 454 74
928 5 1 443 74
929 6 0 433 74
930 7 0 425 74
931 9 0 417 74
932 10 0 409 74
933 64 0 401 74
934 60 0 393 74
935 85 0 385 74
936 5 1 376 74
937 6 0 367 74
938 7 0 360 74
939 9 0 353 74
940 10 0 346 74
941 64 0 339 74
942 60 0 332 74
943 85 0 325 74
944 5 1 316 74
945 6 0 308 74
946 7 0 302 74
947 9 0 296 74
948 10 0 290 74
949 64 0 284 74
950 60 0 278 74
951 85 0 272 74
952 5 1 264 74
953 6 0 256 74
954 7 0 500 149
955 9 0 491 149
956 10 0 482 149
957 64 0 473 149
958 60 0 464 149
959 85 0 455 149
960 5 1 444 149
961 6 0 434 149
962 7 0 426 149
963 9 0 418 149
964 10 0 410 149
965 64 0 402 149
966 60 0 394 149
967 85 0 386 149
968 5 1 376 149
969 6 0 367 149
970 7 0 360 149
971 9 0 353 149
972 10 0 346 149
973 64 0 339 149
974 60 0 332 149
975 85 0 325 149
976 5 1 316 149
977 6 0 308 149
978 7 0 302 149
979 9 0 296 149
980 10 0 290 149
981 64 0 284 149
982 60 0 278 149
983 85 0 272 149
984 4 1 428 299
985 6 0 418 299
986 7 0 410 299
987 9 0 402 299
988 10 0 394 299
989 64 0 386 299
990 60 0 378 299
991 86 0 320 6
992 5 1 312 6
993 6 0 304 6
994 7 0 298 6
995 9 0 292 6
996 10 0 286 6
997 64 0 280 6
998 60 0 274 6
999 85 0 268 6
1000 5 1 260 6
1001 6 0 504 12
1002 7 0 495 12
1003 9 0 486 12
1004 10 0 477 12
1005 64 0 468 12
1006 60 0 459 12
1007 85 0 450 12
1008 5 1 439 12
1009 6 0 429 12
1010 7 0 421 12
1011 9 0 413 12
1012 10 0 405 12
1013 64 0 397 12
1014 60 0 389 12
1015 85 0 381 12
1016 5 1 372 12
1017 6 0 363 12
1018 7 0 356 12
1019 9 0 349 12
1020 10 0 342 12
1021 64 0 335 12
1022 60 0 328 12
1023 85 0 321 12
1024 5 1 313 12
1025 6 0 305 12
1026 7 0 299 12
1027 9 0 293 12
1028 10 0 287 12
1029 64 0 281 12
1030 60 0 275 12
1031 85 0 269 12
1032 5 1 261 12
1033 6 0 506 24
1034 7 0 497 24
1035 9 0 488 24
1036 10 0 479 24
1037 64 0 470 24
1038 60 0 461 24
1039 85 0 452 24
1040 5 1 441 24
1041 6 0 431 24
1042 7 0 423 24
1043 9 0 415 24
1044 10 0 407 24
1045 64 0 399 24
1046 60 0 391 24
1047 85 0 383 24
1048 5 1 374 24
1049 6 0 365 24
1050 7 0 358 24
1051 9 0 351 24
1052 10 0 344 24
1053 64 0 337 24
1054 60 0 330 24
1055 85 0 323 24
1056 5 1 314 24
1057 6 0 306 24
1058 7 0 300 24
1059 9 0 294 24
1060 10 0 288 24
1061 64 0 282 24
1062 60 0 276 24
1063 85 0 270 24
1064 5 1 262 24
1065 6 0 508 48
1066 7 0 499 48
1067 9 0 490 48
1068 10 0 481 48
1069 64 0 472 48
1070 60 0 463 48
1071 85 0 454 48
1072 5 1 443 48
1073 6 0 433 48
1074 7 0 425 48
1075 9 0 417 48
1076 10 0 409 48
1077 64 0 401 48
1078 60 0 393 48
1079 85 0 385 48
1080 5 1 376 48
1081 6 0 367 48
1082 7 0 360 48
1083 9 0 353 48
1084 10 0 346 48
1085 64 0 339 48
1086 60 0 332 48
1087 85 0 325 48
1088 5 1 316 48
1089 6 0 308 48
1090 7 0 302 48
1091 9 0 296 48
1092 10 0 290 48
1093 64 0 284 48
1094 60 0 278 48
1095 85 0 272 48
1096 5 1 264 48
1097 6 0 256 48
1098 7 0 500 96
1099 9 0 491 96
1100 10 0 482 96
1101 64 0 473 96
1102 60 0 464 96
1103 85 0 455 96
1104 5 1 444 96
1105 6 0 434 96
1106 7 0 426 96
1107 9 0 418 96
1108 10 0 410 96
1109 64 0 402 96
1110 60 0 394 96
1111 85 0 386 96
1112 5 1 376 96
1113 6 0 367 96
1114 7 0 360 96
1115 9 0 353 96
1116 10 0 346 96
1117 64 0 339 96
1118 60 0 332 96
1119 85 0 325 96
1120 5 1 316 96
1121 6 0 308 96
1122 7 0 302 96
1123 9 0 296 96
1124 10 0 290 96
1125 64 0 284 96
1126 60 0 278 96
1127 85 0 272 96
1128 5 1 264 96
1129 6 0 256 96
1130 7 0 500 193
1131 9 0 491 193
1132 10 0 482 193
1133 64 0 473 193
1134 60 0 464 193
1135 85 0 455 193
1136 5 1 444 193
1137 6 0 434 193
1138 7 0 426 193
1139 9 0 418 193
1140 10 0 410 193
1141 64 0 402 193
1142 60 0 394 193
1143 85 0 386 193
1144 4 1 307 193
1145 6 0 299 193
1146 7 0 293 193
1147 9 0 287 193
1148 10 0 281 193
1149 64 0 275 193
1150 60 0 269 193
1151 86 0 308 5
1152 5 1 300 5
1153 6 0 292 5
1154 7 0 286 5
1155 9 0 280 5
1156 10 0 274 5
1157 64 0 268 5
1158 60 0 262 5
1159 85 0 256 5
1160 5 1 499 11
1161 6 0 488 11
1162 7 0 479 11
1163 9 0 470 11
1164 10 0 461 11
1165 64 0 452 11
1166 60 0 443 11
1167 85 0 435 11
1168 5 1 425 11
1169 6 0 415 11
1170 7 0 407 11
1171 9 0 399 11
1172 10 0 391 11
1173 64 0 383 11
1174 60 0 376 11
1175 85 0 369 11
1176 5 1 360 11
1177 6 0 351 11
1178 7 0 344 11
1179 9 0 337 11
1180 10 0 330 11
1181 64 0 323 11
1182 60 0 316 11
1183 85 0 310 11
1184 5 1 302 11
1185 6 0 294 11
1186 7 0 288 11
1187 9 0 282 11
1188 10 0 276 11
1189 64 0 270 11
1190 60 0 264 11
1191 85 0 258 11
1192 5 1 500 22
1193 6 0 489 22
1194 7 0 480 22
1195 9 0 471 22
1196 10 0 462 22
1197 64 0 453 22
1198 60 0 444 22
1199 85 0 436 22
1200 5 1 426 22
1201 6 0 416 22
1202 7 0 408 22
1203 9 0 400 22
1204 10 0 392 22
1205 64 0 384 22
1206 60 0 376 22
1207 85 0 369 22
1208 5 1 360 22
1209 6 0 351 22
1210 7 0 344 22
1211 9 0 337 22
1212 10 0 330 22
1213 64 0 323 22
1214 60 0 316 22
1215 85 0 310 22
1216 5 1 302 22
1217 6 0 294 22
1218 7 0 288 22
1219 9 0 282 22
1220 10 0 276 22
1221 64 0 270 22
1222 60 0 264 22
1223 85 0 258 22
1224 5 1 500 44
1225 6 0 489 44
1226 7 0 480 44
1227 9 0 471 44
1228 10 0 462 44
1229 64 0 453 44
1230 60 0 444 44
1231 85 0 436 44
1232 5 1 426 44
1233 6 0 416 44
1234 7 0 408 44
1235 9 0 400 44
1236 10 0 392 44
1237 64 0 384 44
1238 60 0 376 44
1239 85 0 369 44
1240 5 1 360 44
1241 6 0 351 44
1242 7 0 344 44
1243 9 0 337 44
1244 10 0 330 44
1245 64 0 323 44
1246 60 0 316 44
1247 85 0 310 44
1248 5 1 302 44
1249 6 0 294 44
1250 7 0 288 44
1251 9 0 282 44
1252 10 0 276 44
1253 64 0 270 44
1254 60 0 264 44
1255 85 0 258 44
1256 5 1 500 89
1257 6 0 489 89
1258 7 0 480 89
1259 9 0 471 89
1260 10 0 462 89
1261 64 0 453 89
1262 60 0 444 89
1263 85 0 436 89
1264 5 1 426 89
1265 6 0 416 89
1266 7 0 408 89
1267 9 0 400 89
1268 10 0 392 89
1269 64 0 384 89
1270 60 0 376 89
1271 85 0 369 89
1272 5 1 360 89
1273 6 0 351 89
1274 7 0 344 89
1275 9 0 337 89
1276 10 0 330 89
1277 64 0 323 89
1278 60 0 316 89
1279 85 0 310 89
1280 5 1 302 89
1281 6 0 294 89
1282 7 0 288 89
1283 9 0 282 89
1284 10 0 276 89
1285 64 0 270 89
1286 60 0 264 89
1287 85 0 258 89
1288 5 1 500 178
1289 6 0 489 178
1290 7 0 480 178
1291 9 0 471 178
1292 10 0 462 178
1293 64 0 453 178
1294 60 0 444 178
1295 85 0 436 178
1296 5 1 426 178
1297 6 0 416 178
1298 7 0 408 178
1299 9 0 400 178
1300 10 0 392 178
1301 64 0 384 178
1302 60 0 376 178
1303 85 0 369 178
1304 4 1 305 178
1305 6 0 297 178
1306 7 0 291 178
1307 9 0 285 178
1308 10 0 279 178
1309 64 0 273 178
1310 60 0 267 178
1311 86 0 360 6
1312 5 1 351 6
1313 6 0 342 6
1314 7 0 335 6
1315 9 0 328 6
1316 10 0 321 6
1317 64 0 314 6
1318 60 0 308 6
1319 85 0 302 6
1320 5 1 294 6
1321 6 0 286 6
1322 7 0 280 6
1323 9 0 274 6
1324 10 0 268 6
1325 64 0 262 6
1326 60 0 256 6
1327 85 0 500 12
1328 5 1 489 12
1329 6 0 478 12
1330 7 0 469 12
1331 9 0 460 12
1332 10 0 451 12
1333 64 0 442 12
1334 60 0 434 12
1335 85 0 426 12
1336 5 1 416 12
1337 6 0 406 12
1338 7 0 398 12
1339 9 0 390 12
1340 10 0 382 12
1341 64 0 375 12
1342 60 0 368 12
1343 85 0 361 12
1344 5 1 352 12
1345 6 0 343 12
1346 7 0 336 12
1347 9 0 329 12
1348 10 0 322 12
1349 64 0 315 12
1350 60 0 309 12
1351 85 0 303 12
1352 5 1 295 12
1353 6 0 287 12
1354 7 0 281 12
1355 9 0 275 12
1356 10 0 269 12
1357 64 0 263 12
1358 60 0 257 12
1359 85 0 502 25
1360 5 1 491 25
1361 6 0 480 25
1362 7 0 471 25
1363 9 0 462 25
1364 10 0 453 25
1365 64 0 444 25
1366 60 0 436 25
1367 85 0 428 25
1368 5 1 418 25
1369 6 0 408 25
1370 7 0 400 25
1371 9 0 392 25
1372 10 0 384 25
1373 64 0 376 25
1374 60 0 369 25
1375 85 0 362 25
1376 5 1 353 25
1377 6 0 344 25
1378 7 0 337 25
1379 9 0 330 25
1380 10 0 323 25
1381 64 0 316 25
1382 60 0 310 25
1383 85 0 304 25
1384 5 1 296 25
1385 6 0 288 25
1386 7 0 282 25
1387 9 0 276 25
1388 10 0 270 25
1389 64 0 264 25
1390 60 0 258 25
1391 85 0 504 50
1392 5 1 493 50
1393 6 0 482 50
1394 7 0 473 50
1395 9 0 464 50
1396 10 0 455 50
1397 64 0 446 50
1398 60 0 438 50
1399 85 0 430 50
1400 5 1 420 50
1401 6 0 410 50
1402 7 0 402 50
1403 9 0 394 50
1404 10 0 386 50
1405 64 0 378 50
1406 60 0 371 50
1407 85 0 364 50
1408 5 1 355 50
1409 6 0 346 50
1410 7 0 339 50
1411 9 0 332 50
1412 10 0 325 50
1413 64 0 318 50
1414 60 0 312 50
1415 85 0 306 50
1416 5 1 298 50
1417 6 0 290 50
1418 7 0 284 50
1419 9 0 278 50
1420 10 0 272 50
1421 64 0 266 50
1422 60 0 260 50
1423 85 0 508 100
1424 5 1 497 100
1425 6 0 486 100
1426 7 0 477 100
1427 9 0 468 100
1428 10 0 459 100
1429 64 0 450 100
1430 60 0 441 100
1431 85 0 433 100
1432 5 1 423 100
1433 6 0 413 100
1434 7 0 405 100
1435 9 0 397 100
1436 10 0 389 100
1437 64 0 381 100
1438 60 0 374 100
1439 85 0 367 100
1440 5 1 358 100
1441 6 0 349 100
1442 7 0 342 100
1443 9 0 335 100
1444 10 0 328 100
1445 64 0 321 100
1446 60 0 314 100
1447 85 0 308 100
1448 5 1 300 100
1449 6 0 292 100
1450 7 0 286 100
1451 9 0 280 100
1452 10 0 274 100
1453 64 0 268 100
1454 60 0 262 100
1455 85 0 256 100
1456 5 1 499 200
1457 6 0 488 200
1458 7 0 479 200
1459 9 0 470 200
1460 10 0 461 200
1461 64 0 452 200
1462 60 0 443 200
1463 85 0 435 200
1464 4 1 364 200
1465 6 0 355 200
1466 7 0 348 200
1467 9 0 341 200
1468 10 0 334 200
1469 64 0 327 200
1470 60 0 320 200
1471 86 0 488 8
1472 5 1 477 8
1473 6 0 466 8
1474 7 0 457 8
1475 9 0 448 8
1476 10 0 439 8
1477 64 0 431 8
1478 60 0 423 8
1479 85 0 415 8
1480 5 1 405 8
1481 6 0 395 8
1482 7 0 387 8
1483 9 0 379 8
1484 10 0 372 8
1485 64 0 365 8
1486 60 0 358 8
1487 85 0 351 8
1488 5 1 342 8
1489 6 0 333 8
1490 7 0 326 8
1491 9 0 319 8
1492 10 0 313 8
1493 64 0 307 8
1494 60 0 301 8
1495 85 0 295 8
1496 5 1 287 8
1497 6 0 279 8
1498 7 0 273 8
1499 9 0 267 8
1500 10 0 261 8
1501 64 0 510 17
1502 60 0 501 17
1503 85 0 492 17
1504 5 1 481 17
1505 6 0 470 17
1506 7 0 461 17
1507 9 0 452 17
1508 10 0 443 17
1509 64 0 435 17
1510 60 0 427 17
1511 85 0 419 17
1512 5 1 409 17
1513 6 0 399 17
1514 7 0 391 17
1515 9 0 383 17
1516 10 0 376 17
1517 64 0 369 17
1518 60 0 362 17
1519 85 0 355 17
1520 5 1 346 17
1521 6 0 337 17
1522 7 0 330 17
1523 9 0 323 17
1524 10 0 316 17
1525 64 0 310 17
1526 60 0 304 17
1527 85 0 298 17
1528 5 1 290 17
1529 6 0 282 17
1530 7 0 276 17
1531 9 0 270 17
1532 10 0 264 17
1533 64 0 258 17
1534 60 0 504 34
1535 85 0 495 34
1536 5 1 484 34
1537 6 0 473 34
1538 7 0 464 34
1539 9 0 455 34
1540 10 0 446 34
1541 64 0 438 34
1542 60 0 430 34
1543 85 0 422 34
1544 5 1 412 34
1545 6 0 402 34
1546 7 0 394 34
1547 9 0 386 34
1548 10 0 378 34
1549 64 0 371 34
1550 60 0 364 34
1551 85 0 357 34
1552 5 1 348 34
1553 6 0 339 34
1554 7 0 332 34
1555 9 0 325 34
1556 10 0 318 34
1557 64 0 312 34
1558 60 0 306 34
1559 85 0 300 34
1560 5 1 292 34
1561 6 0 284 34
1562 7 0 278 34
1563 9 0 272 34
1564 10 0 266 34
1565 64 0 260 34
1566 60 0 508 68
1567 85 0 499 68
1568 5 1 488 68
1569 6 0 477 68
1570 7 0 468 68
1571 9 0 459 68
1572 10 0 450 68
1573 64 0 441 68
1574 60 0 433 68
1575 85 0 425 68
1576 5 1 415 68
1577 6 0 405 68
1578 7 0 397 68
1579 9 0 389 68
1580 10 0 381 68
1581 64 0 374 68
1582 60 0 367 68
1583 85 0 360 68
1584 5 1 351 68
1585 6 0 342 68
1586 7 0 335 68
1587 9 0 328 68
1588 10 0 321 68
1589 64 0 314 68
1590 60 0 308 68
1591 85 0 302 68
1592 5 1 294 68
1593 6 0 286 68
1594 7 0 280 68
1595 9 0 274 68
1596 10 0 268 68
1597 64 0 262 68
1598 60 0 256 68
1599 85 0 500 136
1600 5 1 489 136
1601 6 0 478 136
1602 7 0 469 136
1603 9 0 460 136
1604 10 0 451 136
1605 64 0 442 136
1606 60 0 434 136
1607 85 0 426 136
1608 5 1 416 136
1609 6 0 406 136
1610 7 0 398 136
1611 9 0 390 136
1612 10 0 382 136
1613 64 0 375 136
1614 60 0 368 136
1615 85 0 361 136
1616 5 1 352 136
1617 6 0 343 136
1618 7 0 336 136
1619 9 0 329 136
1620 10 0 322 136
1621 64 0 315 136
1622 60 0 309 136
1623 85 0 303 136
1624 4 1 510 272
1625 6 0 499 272
1626 7 0 490 272
1627 9 0 481 272
1628 10 0 472 272
1629 64 0 463 272
1630 60 0 454 272
1631 86 0 370 6
1632 5 1 361 6
1633 6 0 352 6
1634 7 0 345 6
1635 9 0 338 6
1636 10 0 331 6
1637 64 0 324 6
1638 60 0 317 6
1639 85 0 311 6
1640 5 1 303 6
1641 6 0 295 6
1642 7 0 289 6
1643 9 0 283 6
1644 10 0 277 6
1645 64 0 271 6
1646 60 0 265 6
1647 85 0 259 6
1648 5 1 502 12
1649 6 0 491 12
1650 7 0 482 12
1651 9 0 473 12
1652 10 0 464 12
1653 64 0 455 12
1654 60 0 446 12
1655 85 0 438 12
1656 5 1 428 12
1657 6 0 418 12
1658 7 0 410 12
1659 9 0 402 12
1660 10 0 394 12
1661 64 0 386 12
1662 60 0 378 12
1663 85 0 371 12
1664 5 1 362 12
1665 6 0 353 12
1666 7 0 346 12
1667 9 0 339 12
1668 10 0 332 12
1669 64 0 325 12
1670 60 0 318 12
1671 85 0 312 12
1672 5 1 304 12
1673 6 0 296 12
1674 7 0 290 12
1675 9 0 284 12
1676 10 0 278 12
1677 64 0 272 12
1678 60 0 266 12
1679 85 0 260 12
1680 5 1 504 24
1681 6 0 493 24
1682 7 0 484 24
1683 9 0 475 24
1684 10 0 466 24
1685 64 0 457 24
1686 60 0 448 24
1687 85 0 439 24
1688 5 1 429 24
1689 6 0 419 24
1690 7 0 411 24
1691 9 0 403 24
1692 10 0 395 24
1693 64 0 387 24
1694 60 0 379 24
1695 85 0 372 24
1696 5 1 363 24
1697 6 0 354 24
1698 7 0 347 24
1699 9 0 340 24
1700 10 0 333 24
1701 64 0 326 24
1702 60 0 319 24
1703 85 0 313 24
1704 5 1 305 24
1705 6 0 297 24
1706 7 0 291 24
1707 9 0 285 24
1708 10 0 279 24
1709 64 0 273 24
1710 60 0 267 24
1711 85 0 261 24
1712 5 1 506 49
1713 6 0 495 49
1714 7 0 486 49
1715 9 0 477 49
1716 10 0 468 49
1717 64 0 459 49
1718 60 0 450 49
1719 85 0 441 49
1720 5 1 431 49
1721 6 0 421 49
1722 7 0 413 49
1723 9 0 405 49
1724 10 0 397 49
1725 64 0 389 49
1726 60 0 381 49
1727 85 0 374 49
1728 5 1 365 49
1729 6 0 356 49
1730 7 0 349 49
1731 9 0 342 49
1732 10 0 335 49
1733 64 0 328 49
1734 60 0 321 49
1735 85 0 314 49
1736 5 1 306 49
1737 6 0 298 49
1738 7 0 292 49
1739 9 0 286 49
1740 10 0 280 49
1741 64 0 274 49
1742 60 0 268 49
1743 85 0 262 49
1744 5 1 508 98
1745 6 0 497 98
1746 7 0 488 98
1747 9 0 479 98
1748 10 0 470 98
1749 64 0 461 98
1750 60 0 452 98
1751 85 0 443 98
1752 5 1 433 98
1753 6 0 423 98
1754 7 0 415 98
1755 9 0 407 98
1756 10 0 399 98
1757 64 0 391 98
1758 60 0 383 98
1759 85 0 376 98
1760 5 1 367 98
1761 6 0 358 98
1762 7 0 351 98
1763 9 0 344 98
1764 10 0 337 98
1765 64 0 330 98
1766 60 0 323 98
1767 85 0 316 98
1768 5 1 308 98
1769 6 0 300 98
1770 7 0 294 98
1771 9 0 288 98
1772 10 0 282 98
1773 64 0 276 98
1774 60 0 270 98
1775 85 0 264 98
1776 5 1 256 98
1777 6 0 499 196
1778 7 0 490 196
1779 9 0 481 196
1780 10 0 472 196
1781 64 0 463 196
1782 60 0 454 196
1783 85 0 445 196
1784 4 1 380 196
1785 6 0 371 196
1786 7 0 364 196
1787 9 0 357 196
1788 10 0 350 196
1789 64 0 343 196
1790 60 0 336 196
1791 86 0 284 4
1792 5 1 276 4
1793 6 0 268 4
1794 7 0 262 4
1795 9 0 256 4
1796 10 0 500 8
1797 64 0 491 8
1798 60 0 482 8
1799 85 0 473 8
1800 5 1 462 8
1801 6 0 451 8
1802 7 0 442 8
1803 9 0 434 8
1804 10 0 426 8
1805 64 0 418 8
1806 60 0 410 8
1807 85 0 402 8
1808 5 1 392 8
1809 6 0 382 8
1810 7 0 375 8
1811 9 0 368 8
1812 10 0 361 8
1813 64 0 354 8
1814 60 0 347 8
1815 85 0 340 8
1816 5 1 331 8
1817 6 0 322 8
1818 7 0 315 8
1819 9 0 309 8
1820 10 0 303 8
1821 64 0 297 8
1822 60 0 291 8
1823 85 0 285 8
1824 5 1 277 8
1825 6 0 269 8
1826 7 0 263 8
1827 9 0 257 8
1828 10 0 502 16
1829 64 0 493 16
1830 60 0 484 16
1831 85 0 475 16
1832 5 1 464 16
1833 6 0 453 16
1834 7 0 444 16
1835 9 0 436 16
1836 10 0 428 16
1837 64 0 420 16
1838 60 0 412 16
1839 85 0 404 16
1840 5 1 394 16
1841 6 0 384 16
1842 7 0 376 16
1843 9 0 369 16
1844 10 0 362 16
1845 64 0 355 16
1846 60 0 348 16
1847 85 0 341 16
1848 5 1 332 16
1849 6 0 323 16
1850 7 0 316 16
1851 9 0 310 16
1852 10 0 304 16
1853 64 0 298 16
1854 60 0 292 16
1855 85 0 286 16
1856 5 1 278 16
1857 6 0 270 16
1858 7 0 264 16
1859 9 0 258 16
1860 10 0 504 32
1861 64 0 495 32
1862 60 0 486 32
1863 85 0 477 32
1864 5 1 466 32
1865 6 0 455 32
1866 7 0 446 32
1867 9 0 438 32
1868 10 0 430 32
1869 64 0 422 32
1870 60 0 414 32
1871 85 0 406 32
1872 5 1 396 32
1873 6 0 386 32
1874 7 0 378 32
1875 9 0 371 32
1876 10 0 364 32
1877 64 0 357 32
1878 60 0 350 32
1879 85 0 343 32
1880 5 1 334 32
1881 6 0 325 32
1882 7 0 318 32
1883 9 0 312 32
1884 10 0 306 32
1885 64 0 300 32
1886 60 0 294 32
1887 85 0 288 32
1888 5 1 280 32
1889 6 0 272 32
1890 7 0 266 32
1891 9 0 260 32
1892 10 0 508 65
1893 64 0 499 65
1894 60 0 490 65
1895 85 0 481 65
1896 5 1 470 65
1897 6 0 459 65
1898 7 0 450 65
1899 9 0 441 65
1900 10 0 433 65
1901 64 0 425 65
1902 60 0 417 65
1903 85 0 409 65
1904 5 1 399 65
1905 6 0 389 65
1906 7 0 381 65
1907 9 0 374 65
1908 10 0 367 65
1909 64 0 360 65
1910 60 0 353 65
1911 85 0 346 65
1912 5 1 337 65
1913 6 0 328 65
1914 7 0 321 65
1915 9 0 314 65
1916 10 0 308 65
1917 64 0 302 65
1918 60 0 296 65
1919 85 0 290 65
1920 5 1 282 65
1921 6 0 274 65
1922 7 0 268 65
1923 9 0 262 65
1924 10 0 256 65
1925 64 0 500 130
1926 60 0 491 130
1927 85 0 482 130
1928 5 1 471 130
1929 6 0 460 130
1930 7 0 451 130
1931 9 0 442 130
1932 10 0 434 130
1933 64 0 426 130
1934 60 0 418 130
1935 85 0 410 130
1936 5 1 400 130
1937 6 0 390 130
1938 7 0 382 130
1939 9 0 375 130
1940 10 0 368 130
1941 64 0 361 130
1942 60 0 354 130
1943 85 0 347 130
1944 4 1 295 130
1945 6 0 287 130
1946 7 0 281 130
1947 9 0 275 130
1948 10 0 269 130
1949 64 0 263 130
1950 60 0 257 130
1951 86 0 256 3
1952 5 1 499 7
1953 6 0 488 7
1954 7 0 479 7
1955 9 0 470 7
1956 10 0 461 7
1957 64 0 452 7
1958 60 0 443 7
1959 85 0 435 7
1960 5 1 425 7
1961 6 0 415 7
1962 7 0 407 7
1963 9 0 399 7
1964 10 0 391 7
1965 64 0 383 7
1966 60 0 376 7
1967 85 0 369 7
1968 5 1 360 7
1969 6 0 351 7
1970 7 0 344 7
1971 9 0 337 7
1972 10 0 330 7
1973 64 0 323 7
1974 60 0 316 7
1975 85 0 310 7
1976 5 1 302 7
1977 6 0 294 7
1978 7 0 288 7
1979 9 0 282 7
1980 10 0 276 7
1981 64 0 270 7
1982 60 0 264 7
1983 85 0 258 7
1984 5 1 500 15
1985 6 0 489 15
1986 7 0 480 15
1987 9 0 471 15
1988 10 0 462 15
1989 64 0 453 15
1990 60 0 444 15
1991 85 0 436 15
1992 5 1 426 15
1993 6 0 416 15
1994 7 0 408 15
1995 9 0 400 15
1996 10 0 392 15
1997 64 0 384 15
1998 60 0 376 15
1999 85 0 369 15
2000 5 1 360 15
2001 6 0 351 15
2002 7 0 344 15
2003 9 0 337 15
2004 10 0 330 15
2005 64 0 323 15
2006 60 0 316 15
2007 85 0 310 15
2008 5 1 302 15
2009 6 0 294 15
2010 7 0 288 15
2011 9 0 282 15
2012 10 0 276 15
2013 64 0 270 15
2014 60 0 264 15
2015 85 0 258 15
2016 5 1 500 31
2017 6 0 489 31
2018 7 0 480 31
2019 9 0 471 31
2020 10 0 462 31
2021 64 0 453 31
2022 60 0 444 31
2023 85 0 436 31
2024 5 1 426 31
2025 6 0 416 31
2026 7 0 408 31
2027 9 0 400 31
2028 10 0 392 31
2029 64 0 384 31
2030 60 0 376 31
2031 85 0 369 31
2032 5 1 360 31
2033 6 0 351 31
2034 7 0 344 31
2035 9 0 337 31
2036 10 0 330 31
2037 64 0 323 31
2038 60 0 316 31
2039 85 0 310 31
2040 5 1 302 31
2041 6 0 294 31
2042 7 0 288 31
2043 9 0 282 31
2044 10 0 276 31
2045 64 0 270 31
2046 60 0 264 31
2047 85 0 258 31
2048 5 1 500 62
2049 6 0 489 62
2050 7 0 480 62
2051 9 0 471 62
2052 10 0 462 62
2053 64 0 453 62
2054 60 0 444 62
2055 85 0 436 62
2056 5 1 426 62
2057 6 0 416 62
2058 7 0 408 62
2059 9 0 400 62
2060 10 0 392 62
2061 64 0 384 62
2062 60 0 376 62
2063 85 0 369 62
2064 5 1 360 62
2065 6 0 351 62
2066 7 0 344 62
2067 9 0 337 62
2068 10 0 330 62
2069 64 0 323 62
2070 60 0 316 62
2071 85 0 310 62
2072 5 1 302 62
2073 6 0 294 62
2074 7 0 288 62
2075 9 0 282 62
2076 10 0 276 62
2077 64 0 270 62
2078 60 0 264 62
2079 85 0 258 62
2080 5 1 500 125
2081 6 0 489 125
2082 7 0 480 125
2083 9 0 471 125
2084 10 0 462 125
2085 64 0 453 125
2086 60 0 444 125
2087 85 0 436 125
2088 5 1 426 125
2089 6 0 416 125
2090 7 0 408 125
2091 9 0 400 125
2092 10 0 392 125
2093 64 0 384 125
2094 60 0 376 125
2095 85 0 369 125
2096 5 1 360 125
2097 6 0 351 125
2098 7 0 344 125
2099 9 0 337 125
2100 10 0 330 125
2101 64 0 323 125
2102 60 0 316 125
2103 85 0 310 125
2104 4 1 269 125
2105 6 0 261 125
2106 7 0 510 250
2107 9 0 501 250
2108 10 0 492 250
2109 64 0 483 250
2110 60 0 474 250
2111 86 0 454 6
2112 5 1 443 6
2113 6 0 433 6
2114 7 0 425 6
2115 9 0 417 6
2116 10 0 409 6
2117 64 0 401 6
2118 60 0 393 6
2119 85 0 385 6
2120 5 1 376 6
2121 6 0 367 6
2122 7 0 360 6
2123 9 0 353 6
2124 10 0 346 6
2125 64 0 339 6
2126 60 0 332 6
2127 85 0 325 6
2128 5 1 316 6
2129 6 0 308 6
2130 7 0 302 6
2131 9 0 296 6
2132 10 0 290 6
2133 64 0 284 6
2134 60 0 278 6
2135 85 0 272 6
2136 5 1 264 6
2137 6 0 256 6
2138 7 0 500 13
2139 9 0 491 13
2140 10 0 482 13
2141 64 0 473 13
2142 60 0 464 13
2143 85 0 455 13
2144 5 1 444 13
2145 6 0 434 13
2146 7 0 426 13
2147 9 0 418 13
2148 10 0 410 13
2149 64 0 402 13
2150 60 0 394 13
2151 85 0 386 13
2152 5 1 376 13
2153 6 0 367 13
2154 7 0 360 13
2155 9 0 353 13
2156 10 0 346 13
2157 64 0 339 13
2158 60 0 332 13
2159 85 0 325 13
2160 5 1 316 13
2161 6 0 308 13
2162 7 0 302 13
2163 9 0 296 13
2164 10 0 290 13
2165 64 0 284 13
2166 60 0 278 13
2167 85 0 272 13
2168 5 1 264 13
2169 6 0 256 13
2170 7 0 500 26
2171 9 0 491 26
2172 10 0 482 26
2173 64 0 473 26
2174 60 0 464 26
2175 85 0 455 26
2176 5 1 444 26
2177 6 0 434 26
2178 7 0 426 26
2179 9 0 418 26
2180 10 0 410 26
2181 64 0 402 26
2182 60 0 394 26
2183 85 0 386 26
2184 5 1 376 26
2185 6 0 367 26
2186 7 0 360 26
2187 9 0 353 26
2188 10 0 346 26
2189 64 0 339 26
2190 60 0 332 26
2191 85 0 325 26
2192 5 1 316 26
2193 6 0 308 26
2194 7 0 302 26
2195 9 0 296 26
2196 10 0 290 26
2197 64 0 284 26
2198 60 0 278 26
2199 85 0 272 26
2200 5 1 264 26
2201 6 0 256 26
2202 7 0 500 53
2203 9 0 491 53
2204 10 0 482 53
2205 64 0 473 53
2206 60 0 464 53
2207 85 0 455 53
2208 5 1 444 53
2209 6 0 434 53
2210 7 0 426 53
2211 9 0 418 53
2212 10 0 410 53
2213 64 0 402 53
2214 60 0 394 53
2215 85 0 386 53
2216 5 1 376 53
2217 6 0 367 53
2218 7 0 360 53
2219 9 0 353 53
2220 10 0 346 53
2221 64 0 339 53
2222 60 0 332 53
2223 85 0 325 53
2224 5 1 316 53
2225 6 0 308 53
2226 7 0 302 53
2227 9 0 296 53
2228 10 0 290 53
2229 64 0 284 53
2230 60 0 278 53
2231 85 0 272 53
2232 5 1 264 53
2233 6 0 256 53
2234 7 0 500 106
2235 9 0 491 106
2236 10 0 482 106
2237 64 0 473 106
2238 60 0 464 106
2239 85 0 455 106
2240 5 1 444 106
2241 6 0 434 106
2242 7 0 426 106
2243 9 0 418 106
2244 10 0 410 106
2245 64 0 402 106
2246 60 0 394 106
2247 85 0 386 106
2248 5 1 376 106
2249 6 0 367 106
2250 7 0 360 106
2251 9 0 353 106
2252 10 0 346 106
2253 64 0 339 106
2254 60 0 332 106
2255 85 0 325 106
2256 5 1 316 106
2257 6 0 308 106
2258 7 0 302 106
2259 9 0 296 106
2260 10 0 290 106
2261 64 0 284 106
2262 60 0 278 106
2263 85 0 272 106
2264 4 1 466 213
2265 6 0 455 213
2266 7 0 446 213
2267 9 0 438 213
2268 10 0 430 213
2269 64 0 422 213
2270 60 0 414 213
2271 86 0 416 15
2272 5 1 406 15
2273 6 0 396 15
2274 7 0 388 15
2275 9 0 380 15
2276 10 0 373 15
2277 64 0 366 15
2278 60 0 359 15
2279 85 0 352 15
2280 5 1 343 15
2281 6 0 334 15
2282 7 0 327 15
2283 9 0 320 15
2284 10 0 313 15
2285 64 0 307 15
2286 60 0 301 15
2287 85 0 295 15
2288 5 1 287 15
2289 6 0 279 15
2290 7 0 273 15
2291 9 0 267 15
2292 10 0 261 15
2293 64 0 510 31
2294 60 0 501 31
2295 85 0 492 31
2296 5 1 481 31
2297 6 0 470 31
2298 7 0 461 31
2299 9 0 452 31
2300 10 0 443 31
2301 64 0 435 31
2302 60 0 427 31
2303 85 0 419 31
2304 5 1 409 31
2305 6 0 399 31
2306 7 0 391 31
2307 9 0 383 31
2308 10 0 376 31
2309 64 0 369 31
2310 60 0 362 31
2311 85 0 355 31
2312 5 1 346 31
2313 6 0 337 31
2314 7 0 330 31
2315 9 0 323 31
2316 10 0 316 31
2317 64 0 310 31
2318 60 0 304 31
2319 85 0 298 31
2320 5 1 290 31
2321 6 0 282 31
2322 7 0 276 31
2323 9 0 270 31
2324 10 0 264 31
2325 64 0 258 31
2326 60 0 504 62
2327 85 0 495 62
2328 5 1 484 62
2329 6 0 473 62
2330 7 0 464 62
2331 9 0 455 62
2332 10 0 446 62
2333 64 0 438 62
2334 60 0 430 62
2335 85 0 422 62
2336 5 1 412 62
2337 6 0 402 62
2338 7 0 394 62
2339 9 0 386 62
2340 10 0 378 62
2341 64 0 371 62
2342 60 0 364 62
2343 85 0 357 62
2344 5 1 348 62
2345 6 0 339 62
2346 7 0 332 62
2347 9 0 325 62
2348 10 0 318 62
2349 64 0 312 62
2350 60 0 306 62
2351 85 0 300 62
2352 5 1 292 62
2353 6 0 284 62
2354 7 0 278 62
2355 9 0 272 62
2356 10 0 266 62
2357 64 0 260 62
2358 60 0 508 125
2359 85 0 499 125
2360 5 1 488 125
2361 6 0 477 125
2362 7 0 468 125
2363 9 0 459 125
2364 10 0 450 125
2365 64 0 441 125
2366 60 0 433 125
2367 85 0 425 125
2368 5 1 415 125
2369 6 0 405 125
2370 7 0 397 125
2371 9 0 389 125
2372 10 0 381 125
2373 64 0 374 125
2374 60 0 367 125
2375 85 0 360 125
2376 5 1 351 125
2377 6 0 342 125
2378 7 0 335 125
2379 9 0 328 125
2380 10 0 321 125
2381 64 0 314 125
2382 60 0 308 125
2383 85 0 302 125
2384 5 1 294 125
2385 6 0 286 125
2386 7 0 280 125
2387 9 0 274 125
2388 10 0 268 125
2389 64 0 262 125
2390 60 0 256 125
2391 85 0 500 250
2392 5 1 489 250
2393 6 0 478 250
2394 7 0 469 250
2395 9 0 460 250
2396 10 0 451 250
2397 64 0 442 250
2398 60 0 434 250
2399 85 0 426 250
2400 5 1 416 250
2401 6 0 406 250
2402 7 0 398 250
2403 9 0 390 250
2404 10 0 382 250
2405 64 0 375 250
2406 60 0 368 250
2407 85 0 361 250
2408 5 1 352 250
2409 6 0 343 250
2410 7 0 336 250
2411 9 0 329 250
2412 10 0 322 250
2413 64 0 315 250
2414 60 0 309 250
2415 85 0 303 250
2416 5 1 295 250
2417 6 0 287 250
2418 7 0 281 250
2419 9 0 275 250
2420 10 0 269 250
2421 64 0 263 250
2422 60 0 257 250
2423 85 0 502 501
